1
3
32 3200
3607 
3317 
1129 
17 
384 
1804 
592 
2109 
1403 
1758 
882 
496 
1335 
238 
2423 
258 
1817 
2683 
1936 
3124 
2386 
2120 
1831 
1777 
238 
2811 
283 
116 
3566 
2595 
1227 
2666 
1720 
3486 
1744 
3673 
3564 
2617 
3920 
2018 
1915 
2969 
1712 
3 
3092 
250 
682 
2335 
1023 
2294 
3296 
2562 
3565 
1832 
3471 
3424 
3215 
818 
327 
1501 
358 
859 
954 
2130 
315 
1501 
1395 
1263 
913 
2878 
586 
1500 
3575 
3581 
3509 
1893 
2018 
2096 
320 
2101 
1083 
652 
2624 
1921 
3349 
1700 
1956 
3368 
1729 
917 
2733 
3866 
325 
3586 
1504 
2967 
2346 
3771 
1050 
377 
1685 
707 
1188 
3253 
25 
1010 
358 
3934 
1003 
696 
0 
1290 
214 
1764 
247 
2105 
2448 
1636 
3437 
3347 
3533 
205 
3797 
3442 
1266 
1406 
1477 
800 
1292 
1440 
2700 
1 
1122 
3344 
966 
1748 
2664 
2336 
302 
54 
2454 
858 
3027 
2952 
1465 
3143 
3054 
947 
1864 
208 
243 
1641 
2745 
2051 
2374 
2157 
3125 
535 
880 
1333 
1769 
2387 
594 
2511 
447 
3148 
3033 
2306 
3564 
1678 
243 
1878 
3691 
3742 
1345 
2679 
1482 
1341 
1421 
438 
740 
2799 
3037 
1072 
1551 
3324 
1577 
3795 
2902 
311 
3594 
2815 
457 
766 
2003 
2281 
2259 
833 
3909 
2790 
557 
2662 
2269 
1189 
786 
3627 
3536 
1373 
979 
3342 
283 
266 
1739 
2218 
2196 
1778 
3733 
99 
3077 
141 
2205 
1956 
2906 
36 
3636 
3463 
3992 
1081 
2216 
1461 
2289 
840 
1843 
110 
1333 
2700 
723 
3147 
363 
1252 
3802 
1634 
64 
279 
3207 
2089 
3199 
1207 
1909 
255 
2499 
3138 
2930 
3816 
2281 
3406 
1650 
567 
649 
838 
2885 
2289 
741 
1712 
455 
2351 
1571 
2354 
2006 
3588 
1688 
1076 
329 
3744 
3750 
2790 
3167 
692 
2471 
1349 
758 
1335 
2794 
1659 
1885 
3817 
286 
37 
2444 
1974 
1549 
3481 
818 
1085 
2475 
903 
3023 
3985 
2446 
1951 
2819 
1055 
1088 
915 
2535 
2865 
1810 
2271 
3931 
659 
3540 
742 
863 
3924 
3939 
734 
3398 
2544 
2434 
1424 
2792 
11 
3596 
793 
3479 
576 
872 
3988 
244 
3579 
3678 
1755 
1027 
3844 
2474 
619 
3996 
3997 
2511 
1352 
1955 
205 
109 
1 
3802 
2110 
2165 
3862 
1174 
164 
1340 
2839 
303 
2048 
2415 
3022 
2620 
2307 
1959 
1855 
414 
439 
2781 
495 
2780 
1530 
3935 
3651 
3888 
3340 
3139 
1899 
447 
972 
1755 
1055 
3054 
1181 
2729 
1928 
1971 
3503 
565 
98 
2186 
2651 
190 
576 
3369 
943 
3630 
1937 
662 
3371 
1521 
2754 
3607 
3115 
966 
3716 
683 
3366 
2006 
399 
1527 
950 
229 
71 
931 
3929 
3911 
286 
1926 
1431 
2773 
3098 
1247 
3429 
128 
2328 
3910 
1034 
1957 
1745 
3714 
1920 
2690 
348 
2557 
1181 
1704 
597 
2453 
3282 
2449 
3804 
2835 
1716 
3924 
2369 
3041 
185 
1782 
447 
696 
3781 
803 
3046 
56 
422 
926 
1309 
3035 
252 
2421 
1799 
2828 
3902 
1337 
2022 
2356 
3737 
2924 
158 
3638 
2266 
60 
3995 
1692 
3501 
1871 
2741 
592 
1447 
3903 
1619 
847 
3201 
136 
1390 
2619 
710 
3071 
3480 
3825 
3087 
1606 
1468 
3931 
2796 
3837 
679 
3718 
839 
2043 
3271 
1974 
1764 
3454 
243 
632 
2891 
511 
2060 
3928 
3017 
393 
3171 
469 
3923 
3659 
731 
2706 
108 
1612 
2959 
1038 
1450 
3807 
3895 
2710 
1428 
55 
2151 
3801 
430 
3421 
1657 
1565 
3193 
575 
3053 
2640 
820 
3691 
45 
385 
167 
861 
1398 
560 
2370 
2901 
372 
452 
2402 
1549 
332 
3420 
3604 
3657 
2304 
2759 
284 
3343 
2735 
983 
1112 
1753 
2811 
1043 
2240 
1321 
3087 
685 
113 
2364 
1889 
2740 
139 
1474 
3828 
874 
1016 
1262 
1 
824 
878 
3977 
1111 
2625 
2934 
1963 
1696 
1429 
2893 
3148 
1350 
2087 
299 
3448 
3542 
2944 
3331 
2146 
2403 
181 
714 
3194 
1166 
1527 
444 
1889 
3077 
3306 
2523 
1853 
2314 
1624 
3097 
712 
2966 
1831 
408 
942 
1150 
744 
3983 
2871 
148 
3921 
1296 
1249 
1968 
1869 
1320 
530 
3825 
3762 
3687 
3180 
2462 
883 
3329 
322 
3762 
2040 
2836 
2122 
88 
1483 
3819 
1364 
499 
3124 
3649 
3449 
3522 
488 
554 
2007 
1441 
2972 
527 
2845 
755 
480 
408 
1442 
2495 
1738 
912 
3035 
3673 
3313 
547 
3244 
3426 
2172 
1323 
1694 
2642 
633 
3307 
1330 
1237 
2578 
1403 
981 
2516 
2813 
3110 
3541 
470 
1714 
304 
563 
3879 
3811 
2459 
1945 
3095 
3943 
460 
1806 
773 
3383 
3818 
1384 
2238 
2782 
2471 
2369 
609 
2602 
3331 
3501 
3941 
1480 
1228 
2442 
3613 
3471 
1354 
1945 
635 
3834 
986 
2604 
626 
188 
2841 
289 
3392 
3120 
1220 
1486 
748 
3727 
2366 
3261 
365 
2630 
3122 
3514 
1164 
3590 
2393 
1322 
1226 
1565 
2877 
2143 
836 
2278 
31 
2250 
3798 
700 
3895 
3344 
62 
1077 
3962 
2815 
387 
2765 
3968 
3938 
2198 
2112 
2150 
2420 
599 
3996 
3698 
1746 
27 
21 
3734 
3732 
940 
2555 
150 
1501 
1522 
650 
2317 
48 
753 
2433 
3629 
2566 
1330 
1237 
2661 
125 
7 
518 
1832 
1203 
1193 
2833 
2636 
1428 
196 
3304 
816 
3248 
3766 
1760 
3330 
1457 
2324 
3849 
1503 
1643 
3853 
67 
3196 
884 
2451 
2831 
2981 
3158 
887 
1027 
2052 
1539 
340 
2307 
2596 
425 
2959 
2092 
790 
3878 
1341 
498 
1140 
1917 
1958 
429 
3428 
2249 
3081 
2063 
512 
2802 
3487 
3609 
851 
862 
4 
911 
3558 
2954 
2964 
2409 
2749 
1241 
1170 
1740 
91 
3691 
2191 
2616 
13 
1617 
2377 
2434 
1221 
1217 
2258 
2021 
2246 
3654 
307 
3029 
3104 
2617 
464 
3189 
2972 
1109 
525 
905 
858 
3655 
1105 
2638 
568 
2597 
3210 
105 
343 
962 
1202 
733 
281 
1055 
2577 
1185 
269 
1859 
866 
2129 
3502 
1933 
1562 
3331 
3560 
137 
2599 
1085 
1981 
3010 
981 
1030 
2727 
376 
3703 
2106 
2367 
1842 
3331 
2210 
190 
3605 
543 
2371 
3233 
3317 
2907 
341 
3538 
2123 
63 
3639 
2885 
680 
3335 
929 
2048 
3818 
716 
2875 
575 
2509 
804 
2412 
2903 
867 
620 
501 
2969 
390 
870 
3775 
2361 
397 
1150 
2290 
2319 
93 
1265 
872 
477 
2466 
368 
3809 
2355 
2975 
2273 
2072 
624 
1219 
2791 
2965 
650 
2268 
355 
165 
3472 
3056 
2875 
3111 
1933 
2217 
1786 
1736 
2703 
3985 
1431 
82 
2185 
863 
475 
3264 
2582 
752 
2685 
725 
608 
1690 
3952 
686 
928 
2076 
1505 
2133 
1606 
282 
1689 
3383 
410 
3976 
2953 
824 
324 
2629 
807 
3782 
1418 
1194 
179 
171 
984 
1826 
1055 
455 
5 
253 
2927 
1309 
307 
2720 
3645 
3148 
1719 
2303 
1920 
1218 
1114 
2029 
1486 
844 
1279 
2835 
192 
592 
710 
1343 
1749 
511 
592 
2719 
2425 
3813 
2372 
1743 
2151 
1827 
3250 
3343 
3085 
544 
2390 
985 
783 
1051 
2878 
1681 
111 
2659 
47 
2782 
427 
3306 
294 
248 
1703 
2968 
1627 
2946 
3661 
1276 
1898 
665 
3282 
2633 
1973 
398 
2907 
2750 
1476 
3345 
159 
549 
527 
2894 
2031 
737 
2173 
3869 
1459 
962 
1549 
1300 
2583 
1211 
2486 
703 
1446 
1334 
2346 
3507 
1750 
2342 
1664 
1312 
3940 
2781 
914 
1830 
1089 
1503 
1892 
1449 
2766 
1974 
359 
2951 
3907 
3464 
1724 
2696 
662 
998 
1500 
3672 
186 
2982 
3544 
2866 
1158 
1907 
413 
3357 
920 
3491 
3802 
2043 
3833 
2314 
2597 
3871 
931 
654 
3130 
255 
3297 
602 
1797 
843 
2165 
470 
3 
2173 
1727 
3703 
3748 
3473 
701 
1491 
1044 
1271 
3118 
504 
2106 
2150 
3004 
2653 
2880 
3187 
2777 
1817 
84 
3842 
2824 
147 
174 
3004 
1920 
3513 
2259 
1123 
3948 
2677 
601 
1410 
439 
2077 
2413 
72 
2215 
362 
2609 
3862 
3686 
235 
1674 
1494 
1225 
2043 
281 
175 
2826 
1008 
3784 
3159 
1625 
214 
359 
2344 
2419 
155 
1591 
2294 
2865 
524 
2536 
927 
197 
256 
350 
324 
2048 
595 
3289 
3992 
2999 
3350 
3637 
2326 
807 
2021 
814 
1848 
118 
2137 
1768 
421 
2813 
3231 
911 
330 
2819 
40 
2683 
653 
1451 
3362 
1334 
3422 
1873 
2440 
1920 
1646 
912 
1014 
3250 
3652 
40 
928 
482 
1838 
830 
930 
103 
3989 
869 
2586 
3614 
1557 
3100 
3094 
3404 
2891 
759 
2280 
1925 
3055 
1634 
1761 
2252 
2692 
1187 
1661 
1915 
1710 
1216 
1051 
709 
1475 
1569 
2576 
2203 
1477 
3607 
3100 
428 
719 
2301 
3037 
1936 
750 
2590 
611 
2535 
2130 
888 
2052 
2141 
3845 
575 
272 
3826 
2716 
3940 
3783 
3703 
747 
2295 
2890 
3610 
1501 
2123 
2576 
294 
1252 
3609 
538 
2885 
334 
3720 
73 
552 
1977 
3084 
3342 
2888 
2024 
1932 
898 
2733 
2391 
2057 
3895 
15 
107 
2939 
3503 
1852 
942 
413 
2699 
409 
1945 
621 
199 
2220 
1426 
3469 
2468 
761 
537 
973 
3270 
3244 
1470 
3309 
2527 
3863 
725 
3933 
1195 
764 
3084 
1096 
2078 
1132 
1660 
1072 
1115 
3665 
3806 
3995 
327 
2218 
3360 
1455 
3389 
949 
2520 
1050 
3330 
2162 
3673 
3989 
2108 
2372 
1252 
3689 
2623 
283 
256 
1171 
616 
3569 
109 
100 
2253 
1074 
1269 
1772 
2516 
1183 
3876 
696 
836 
2804 
2009 
3865 
3386 
2185 
2846 
840 
3548 
310 
725 
1703 
2131 
3962 
2067 
41 
2068 
3326 
818 
1076 
3199 
757 
3137 
3174 
301 
1159 
3006 
1782 
1667 
718 
3175 
797 
2508 
2752 
493 
3636 
3494 
1903 
1739 
1791 
3227 
2318 
86 
1899 
2483 
3541 
756 
3412 
2984 
3750 
1714 
1322 
2586 
368 
1937 
117 
1316 
1523 
3584 
3158 
591 
2086 
2288 
1040 
837 
534 
1124 
1863 
2153 
2512 
3559 
3016 
2917 
2881 
3555 
1673 
1604 
3676 
1647 
2706 
1473 
2972 
1192 
893 
3711 
1482 
2692 
3353 
2843 
960 
1123 
3733 
3679 
2767 
2055 
2331 
3769 
2974 
2085 
187 
1099 
2228 
923 
1322 
1923 
3353 
37 
362 
302 
2136 
1323 
3596 
2089 
2759 
2142 
851 
2648 
3914 
1219 
1307 
410 
1845 
1614 
3418 
925 
816 
3571 
3270 
1230 
2784 
1432 
1559 
3668 
3235 
239 
2445 
3230 
668 
2147 
1685 
985 
2193 
2929 
1609 
2598 
2001 
90 
2806 
1228 
217 
2517 
1026 
1226 
441 
1226 
3437 
2384 
2259 
3260 
2615 
2062 
1027 
3399 
3011 
2796 
2917 
938 
282 
572 
2419 
2374 
3603 
2125 
3086 
1865 
2737 
1986 
704 
3204 
141 
2722 
2912 
2915 
22 
3249 
2133 
1534 
791 
2175 
1086 
3499 
1592 
2624 
657 
1623 
3047 
3484 
2466 
2709 
3192 
1831 
3014 
1078 
2154 
3027 
3097 
1786 
1901 
3684 
3229 
293 
321 
3396 
2789 
3765 
736 
3353 
657 
3219 
1791 
788 
794 
1992 
48 
2187 
976 
850 
2092 
3562 
2273 
3032 
2927 
1637 
3517 
26 
229 
3825 
472 
908 
2948 
340 
3824 
3109 
889 
1881 
144 
1906 
999 
1928 
3636 
1136 
2829 
3542 
2382 
3931 
1064 
2777 
873 
2304 
1273 
3231 
235 
410 
936 
608 
1344 
699 
2185 
3024 
1428 
1704 
1886 
1818 
321 
3275 
1629 
3177 
2475 
3971 
1875 
1512 
3048 
318 
73 
589 
356 
1834 
647 
2865 
3427 
9 
566 
2756 
3752 
835 
362 
3038 
3798 
1376 
3232 
2425 
2453 
2902 
1955 
2429 
1976 
287 
2709 
3580 
2780 
1615 
3821 
160 
3219 
133 
3772 
2913 
3650 
2176 
1429 
603 
2536 
3700 
2028 
2463 
192 
1628 
509 
905 
1768 
50 
657 
2195 
1539 
1021 
252 
3240 
860 
587 
1770 
986 
1101 
3519 
988 
2840 
2366 
2892 
3949 
2330 
1777 
1987 
2042 
1663 
446 
3753 
2722 
1818 
3195 
3597 
1610 
2472 
3262 
2584 
2756 
3333 
646 
2374 
1872 
3456 
2166 
1716 
67 
2124 
3908 
155 
456 
1272 
593 
3548 
709 
256 
1913 
3323 
3743 
1861 
2830 
3185 
1792 
3580 
2368 
1341 
1592 
2147 
2944 
1019 
3905 
2137 
2469 
760 
3304 
1038 
2510 
933 
3401 
3320 
3177 
714 
2234 
3623 
52 
1692 
1931 
2940 
3042 
2034 
2251 
3766 
2176 
884 
2159 
876 
824 
949 
2543 
1090 
3062 
3267 
3025 
2038 
3209 
3004 
1195 
3162 
3788 
1060 
1347 
967 
1158 
2484 
3256 
2511 
3855 
2325 
1575 
692 
3348 
685 
2215 
3160 
860 
3449 
2358 
2132 
2411 
3836 
247 
141 
2983 
2647 
348 
2532 
570 
2490 
3425 
2220 
88 
3865 
1561 
289 
65 
1474 
1389 
2999 
1161 
3086 
2913 
2961 
1750 
407 
3673 
276 
2378 
3817 
3165 
2139 
3713 
1371 
2649 
2124 
3197 
1120 
648 
3946 
224 
89 
2034 
1517 
313 
525 
1011 
1647 
3620 
2716 
190 
1672 
3019 
2256 
994 
1724 
209 
117 
2667 
3795 
3345 
1867 
3436 
521 
2818 
1786 
156 
2311 
2078 
2821 
3551 
210 
1347 
1697 
455 
3107 
25 
2856 
3674 
3927 
3509 
1801 
2613 
2024 
1597 
1059 
177 
3323 
3885 
2226 
1093 
3611 
730 
1352 
108 
966 
3317 
3264 
2569 
1190 
819 
2991 
2152 
2083 
618 
539 
1351 
3031 
3134 
2545 
1141 
3619 
1693 
1042 
2841 
768 
2183 
2286 
2902 
2936 
3442 
2164 
3309 
373 
1389 
2663 
356 
762 
4 
1781 
2150 
466 
35 
3813 
1932 
1157 
2686 
3023 
3546 
3474 
1137 
1457 
780 
3577 
867 
2846 
2450 
3064 
2417 
1977 
3386 
1337 
2280 
1155 
3373 
874 
3762 
370 
3741 
2797 
3477 
3106 
2558 
3057 
3928 
2576 
3377 
1089 
2472 
3652 
2793 
1371 
1722 
2095 
2504 
1955 
3697 
342 
3945 
1593 
1826 
974 
388 
2600 
1302 
680 
2733 
3425 
945 
2446 
61 
2792 
2001 
495 
1142 
3564 
2584 
3511 
1057 
669 
2861 
419 
3003 
2873 
2624 
372 
3535 
3272 
3885 
3682 
293 
3177 
3523 
3826 
284 
1164 
2918 
779 
531 
1249 
1617 
3205 
1967 
529 
2880 
2531 
1720 
2572 
1676 
2723 
2084 
2754 
3480 
1876 
3320 
3350 
3468 
71 
2412 
3344 
1568 
41 
3854 
1393 
2044 
3728 
2922 
301 
734 
979 
1609 
2324 
347 
671 
1112 
625 
2921 
3751 
2731 
1879 
1532 
956 
2113 
1496 
2224 
2526 
1512 
1081 
1767 
3153 
2980 
1122 
3922 
3923 
3917 
1498 
1973 
1741 
535 
3347 
2631 
1065 
3735 
2305 
55 
3971 
770 
2832 
2133 
2019 
1079 
3735 
2064 
1897 
2880 
2184 
956 
969 
1044 
1866 
3383 
218 
1633 
2856 
2091 
3018 
1001 
3499 
86 
340 
3594 
773 
1992 
148 
67 
2832 
2317 
1946 
3220 
2199 
2797 
222 
1829 
3602 
1072 
2803 
1897 
2168 
3813 
3294 
3844 
3184 
1764 
3273 
3306 
393 
3955 
1107 
3018 
2315 
2438 
939 
1420 
1581 
171 
829 
2231 
1993 
3525 
1003 
54 
2604 
695 
736 
3739 
2930 
1475 
1409 
2757 
1170 
1363 
1381 
2462 
2965 
2552 
199 
2248 
2413 
433 
1465 
1273 
2852 
47 
3290 
3876 
1906 
3254 
2731 
2778 
3092 
1190 
2495 
945 
761 
2043 
3730 
2500 
1310 
3314 
2556 
827 
1436 
3214 
2597 
684 
2656 
1433 
283 
2018 
3196 
878 
1153 
3837 
765 
1207 
555 
602 
413 
370 
3271 
2421 
2649 
250 
1182 
3340 
517 
1635 
2396 
2725 
2622 
1445 
491 
3091 
352 
477 
1639 
1685 
1082 
753 
2990 
2720 
1855 
914 
1494 
3870 
1086 
2407 
835 
3318 
3668 
2311 
121 
3566 
864 
455 
2927 
1999 
1015 
3925 
2949 
1960 
2426 
2916 
2871 
1237 
2597 
3466 
690 
2338 
1353 
3206 
2887 
2538 
796 
1669 
1598 
3301 
367 
2951 
3341 
1825 
768 
445 
744 
2319 
1457 
3446 
1307 
226 
1465 
411 
630 
1908 
730 
1591 
1224 
874 
3987 
763 
2191 
441 
1494 
609 
719 
3433 
3100 
3471 
65 
1144 
376 
30 
686 
162 
3177 
572 
3325 
1408 
2292 
2447 
3465 
174 
3442 
3323 
3702 
2738 
2758 
1989 
1253 
314 
3633 
1689 
3142 
2724 
1513 
1129 
2637 
676 
839 
1687 
2825 
1186 
2561 
3958 
2129 
2754 
3192 
2763 
2911 
3560 
754 
1337 
1026 
3003 
2890 
1630 
686 
777 
2950 
3448 
2071 
715 
2249 
300 
798 
843 
1866 
3592 
2666 
2851 
1222 
2887 
2523 
1064 
1586 
1397 
3868 
3495 
1171 
3827 
3735 
2127 
369 
1118 
717 
3951 
745 
267 
2661 
2049 
1730 
3958 
1125 
1319 
610 
155 
2207 
3380 
226 
2404 
1006 
3087 
1055 
677 
2370 
1652 
1331 
900 
439 
667 
612 
540 
2124 
157 
1722 
1604 
2675 
2036 
3383 
3212 
964 
3970 
2434 
2632 
344 
373 
2628 
16 
1907 
617 
247 
1094 
960 
591 
3676 
3098 
1827 
3213 
3660 
3371 
1323 
2022 
2769 
718 
1127 
3163 
2006 
2804 
2907 
3889 
3708 
2407 
2419 
3189 
3918 
2165 
759 
2974 
2743 
3217 
991 
3762 
499 
1078 
777 
811 
323 
1997 
2153 
475 
2117 
2065 
640 
3694 
1572 
3377 
1584 
3280 
2699 
2774 
366 
847 
2688 
2533 
1177 
3745 
3183 
3911 
43 
1224 
2531 
1991 
46 
2645 
2300 
124 
3344 
2348 
766 
3656 
90 
327 
3463 
1664 
381 
829 
707 
1804 
1358 
3108 
195 
2993 
1876 
2164 
1195 
1006 
3647 
2606 
3979 
804 
2043 
1309 
2865 
1146 
2981 
3868 
2652 
351 
190 
1273 
1140 
625 
2942 
2584 
3672 
894 
3947 
2650 
3000 
1257 
105 
2176 
869 
3759 
2900 
2570 
3397 
1514 
3724 
3205 
3275 
3669 
2480 
2725 
2983 
3154 
3663 
655 
2074 
1769 
2714 
506 
3181 
3729 
2270 
3990 
3170 
1908 
1681 
1390 
3338 
494 
1739 
170 
312 
22 
1847 
3641 
2295 
480 
2633 
365 
2488 
450 
3250 
2279 
1422 
3062 
3282 
3924 
2462 
2272 
2029 
2744 
3920 
2224 
2658 
3754 
1899 
1674 
1496 
896 
1441 
3012 
1657 
3245 
2566 
2319 
3460 
1960 
487 
762 
1853 
3374 
248 
3443 
2120 
3787 
3855 
1584 
3286 
757 
463 
1805 
3583 
1529 
1991 
2870 
945 
2939 
413 
3815 
3783 
24 
3397 
1043 
3358 
174 
886 
3842 
196 
1727 
638 
2558 
2353 
913 
3637 
2064 
2267 
1913 
16 
2470 
1380 
697 
3479 
1272 
2999 
1416 
1625 
235 
1300 
3377 
318 
309 
39 
479 
2590 
1858 
1824 
3735 
1744 
1367 
2078 
2150 
3781 
3733 
3661 
3357 
1718 
2848 
1042 
634 
3707 
2209 
1828 
681 
1053 
2856 
1310 
266 
3886 
1782 
2610 
757 
2136 
250 
2400 
2971 
2772 
3162 
3527 
1327 
60 
1557 
3611 
3750 
3778 
423 
3096 
3546 
3235 
1452 
2134 
2165 
2326 
2024 
1149 
108 
1481 
167 
3419 
2793 
1902 
2784 
1556 
1230 
3602 
1855 
409 
2295 
2991 
932 
3036 
2815 
3970 
3430 
2403 
1893 
1791 
2267 
699 
177 
2147 
2652 
1710 
1874 
875 
3877 
3352 
2538 
739 
2395 
1175 
716 
3170 
2481 
3841 
1412 
436 
460 
2555 
1784 
663 
3110 
871 
1454 
3594 
3120 
2237 
2190 
1347 
1339 
2301 
713 
3936 
344 
1507 
3834 
1953 
2462 
540 
459 
788 
1389 
3993 
3067 
16 
1617 
194 
3008 
3270 
2985 
2893 
2856 
2804 
3912 
111 
1732 
3196 
2652 
1233 
326 
3574 
3053 
295 
1706 
3457 
8 
2205 
1267 
2687 
2749 
3538 
56 
802 
581 
2538 
959 
65 
1672 
2367 
488 
2256 
3774 
2424 
2702 
2959 
2292 
2396 
2761 
97 
401 
2761 
2071 
895 
954 
1792 
3708 
2318 
1779 
1891 
104 
3343 
904 
194 
440 
3638 
3755 
1042 
1279 
2077 
861 
3135 
3719 
3226 
3986 
3555 
3826 
3342 
1936 
2552 
2886 
991 
2329 
2986 
968 
872 
1930 
465 
3432 
3343 
2147 
1758 
3422 
248 
135 
147 
883 
3672 
2118 
2680 
228 
109 
2138 
3531 
3490 
460 
3438 
1335 
2045 
3162 
3270 
3497 
3074 
95 
2586 
2559 
3874 
1592 
2533 
2241 
2517 
2572 
3486 
1941 
3775 
3330 
3620 
2062 
1586 
657 
2463 
2500 
84 
2583 
2725 
2378 
3523 
2990 
1530 
2684 
1718 
764 
220 
3639 
293 
3306 
1374 
461 
2956 
279 
2354 
2073 
1996 
2958 
2989 
1681 
1330 
3349 
3269 
1626 
1212 
2631 
3166 
959 
2137 
2757 
3814 
3525 
1233 
2760 
3550 
697 
1285 
90 
2682 
3179 
1368 
2502 
779 
1087 
2926 
1453 
955 
705 
2899 
3739 
1271 
3161 
32 
3129 
500 
2783 
1817 
548 
2027 
689 
2523 
1181 
103 
3843 
2196 
2467 
3906 
1878 
2195 
1150 
3594 
3340 
3586 
477 
777 
539 
1040 
770 
166 
3136 
1652 
1532 
2534 
438 
1135 
3862 
695 
3271 
3922 
110 
1198 
2657 
1920 
2313 
3023 
1229 
2453 
485 
1357 
3836 
1511 
15 
2323 
1603 
1931 
3541 
1698 
3722 
635 
415 
1020 
3391 
2839 
2010 
96 
975 
2442 
3572 
279 
1080 
206 
1935 
3183 
3544 
18 
368 
3973 
1834 
667 
1175 
552 
2355 
2537 
3892 
2044 
1240 
3548 
920 
221 
19 
1590 
938 
3588 
1285 
1506 
3451 
1166 
877 
2294 
3580 
2107 
762 
3509 
2158 
3605 
3134 
888 
1466 
1394 
835 
2734 
1346 
955 
3395 
3426 
55 
366 
1778 
508 
1357 
3681 
1918 
1098 
3724 
2376 
3355 
863 
1193 
536 
1656 
2653 
340 
845 
822 
1136 
2291 
3209 
154 
3611 
3022 
1694 
3968 
1943 
3788 
2990 
18 
2872 
3071 
1169 
3770 
2579 
3740 
2231 
85 
893 
3758 
2926 
232 
1814 
3946 
3654 
1463 
3718 
2373 
819 
3859 
550 
1669 
627 
3668 
578
150 1 0 1 1 1 1 0 1 0 0 0 1 0 1 0 0 0 0 1 0 1 1 0 0 0 1 0 0 0 1 0 1 1 0 0 0 1 0 1 1 1 1 0 1 1 0 0 1 1 1 0 0 1 0 0 1 1 1 0 1 0 0 1 1 0 1 1 1 0 0 1 1 1 1 0 0 0 0 0 1 0 0 1 1 0 0 0 1 1 0 0 1 1 1 0 1 1 1 1 1 1 0 0 1 1 0 1 1 0 0 0 1 1 1 1 1 1 1 0 1 1 1 1 0 1 0 1 1 0 1 0 0 1 1 0 0 1 0 1 1 1 0 0 0 1 1 0 0 1 0

